000021
000027
000028
000059
000063
000066
000096
000099
000301
000400
000422
000423
000538
000539
000543
000552
000554
000591
000600
000625
000637
000657
000678
000683
000703
000710
000723
000738
000739
000768
000837
000852
000887
000901
000937
000938
000968
000977
000983
000999
001289
001309
001316
002001
002006
002008
002009
002013
002025
002028
002030
002049
002050
002074
002119
002126
002156
002158
002179
002185
002207
002221
002223
002230
002249
002261
002266
002267
002276
002278
002294
002318
002335
002340
002353
002384
002389
002415
002423
002436
002460
002463
002465
002466
002471
002472
002475
002493
002520
002527
002530
002553
002594
002603
002648
002708
002709
002747
002779
002790
002805
002821
002828
002837
002864
002896
002901
002903
002906
002911
002916
002920
002932
002938
002965
002997
003021
003816
300003
300004
300007
300014
300017
300023
300024
300026
300033
300034
300041
300054
300083
300100
300101
300112
300124
300157
300158
300161
300164
300207
300212
300222
300223
300228
300229
300236
300244
300258
300259
300308
300316
300332
300346
300347
300363
300373
300376
300383
300394
300395
300418
300427
300433
300435
300442
300447
300456
300458
300463
300474
300476
300482
300496
300499
300502
300503
300570
300580
300607
300620
300623
300624
300633
300634
300655
300660
300661
300666
300667
300671
300676
300677
300681
300685
300699
300725
300738
300750
300759
300760
300782
300832
300855
300857
300888
301007
301018
301095
301230
301269
301308
301536
600011
600021
600023
600025
600026
600027
600028
600032
600038
600055
600085
600089
600098
600104
600116
600118
600121
600123
600125
600129
600131
600143
600157
600163
600183
600188
600196
600206
600227
600236
600243
600256
600267
600268
600276
600285
600309
600310
600312
600316
600329
600332
600339
600346
600348
600372
600391
600395
600399
600403
600406
600408
600426
600428
600436
600456
600460
600483
600487
600498
600505
600508
600521
600522
600529
600535
600570
600575
600580
600583
600584
600617
600642
600667
600674
600681
600688
600691
600726
600740
600745
600750
600760
600765
600792
600795
600798
600803
600821
600845
600862
600863
600871
600875
600879
600885
600886
600893
600900
600903
600905
600917
600933
600938
600956
600968
600971
600973
600989
600990
600993
600997
600998
601001
601006
601011
601015
601016
601088
601126
601127
601138
601139
601177
601179
601225
601233
601238
601360
601607
601611
601619
601633
601666
601689
601698
601699
601727
601798
601799
601808
601857
601882
601898
601918
601985
601991
603009
603019
603053
603078
603083
603119
603127
603166
603191
603225
603233
603259
603290
603296
603301
603305
603309
603387
603456
603501
603556
603590
603606
603619
603650
603658
603659
603662
603667
603689
603693
603727
603728
603799
603881
603883
603893
603912
603915
603939
603983
603986
605111
605123
605358
605368
688008
688012
688016
688017
688018
688019
688035
688037
688041
688047
688049
688050
688052
688059
688072
688082
688099
688103
688106
688107
688110
688111
688120
688122
688126
688131
688143
688146
688147
688153
688160
688161
688165
688172
688180
688183
688187
688188
688200
688202
688206
688212
688213
688220
688222
688231
688234
688237
688238
688239
688249
688256
688268
688270
688271
688281
688295
688300
688301
688305
688308
688320
688322
688331
688332
688333
688347
688358
688361
688368
688375
688382
688385
688396
688403
688428
688432
688443
688498
688506
688508
688510
688512
688519
688521
688523
688525
688536
688539
688563
688568
688570
688575
688582
688585
688607
688608
688617
688627
688667
688699
688708
688728
688766
688795
688798
688802
688981
873593
